6
8
2
20
20
tanh
tanh
Affine
-0.0127715514973
0.85226726532
0.00503132585436
0.0104131400585
0.522808670998
0.00381093518808
0.00506707746536
0.0177789088339
0.0118994936347
-0.838018715382
0.0108885299414
0.0114246821031
-0.544993340969
0.0137701844797
0.0180791243911
0.0122262826189
-0.837930679321
0.0110779525712
0.0114946356043
-0.545106291771
0.0296052712947
0.0127716911957
-0.852267205715
-0.00503076519817
-0.0104131028056
-0.522808790207
-0.00381070119329
-0.00507620722055
-0.851397097111
-0.0163971874863
-0.0152791114524
-0.523764610291
-0.0148617951199
-0.00837118830532
0.00986097939312
0.0127702318132
-0.852267563343
-0.00503666559234
-0.0104141077027
-0.522808074951
-0.00381307024509
-0.00496398145333
-0.0127715552226
0.85226726532
0.00503130024299
0.0104131549597
0.522808670998
0.00381091516465
0.00506716314703
-0.851340055466
-0.0175238475204
-0.0159771889448
-0.523753225803
-0.0159675478935
-0.00922372657806
0.022097138688
-0.0127715636045
0.852267205715
0.00503133190796
0.010413155891
0.522808790207
0.00381090724841
0.00506709516048
0.85139721632
0.0163971558213
0.0152790676802
0.523764669895
0.0148618109524
0.00837121158838
-0.00986105762422
0.0127713596448
-0.85226726532
-0.00503206579015
-0.0104132872075
-0.522808670998
-0.00381127069704
-0.00505156302825
-0.0177789125592
-0.0118995057419
0.838018417358
-0.0108885252848
-0.0114247249439
0.544993758202
-0.013770153746
-0.851397335529
-0.0163971800357
-0.0152790863067
-0.523764371872
-0.0148618137464
-0.00837124884129
0.00986098032445
-0.85139721632
-0.0163971874863
-0.0152790741995
-0.523764550686
-0.0148617820814
-0.00837126933038
0.00986105855554
0.0177789125592
0.0118995206431
-0.838018596172
0.0108884954825
0.0114247240126
-0.544993519783
0.0137700550258
-0.0127715729177
0.85226726532
0.00503131793812
0.010413181968
0.522808670998
0.00381095195189
0.00506710540503
-0.0177788697183
-0.0118994954973
0.838018536568
-0.0108884284273
-0.0114247277379
0.544993519783
-0.0137699432671
-0.0127715878189
0.852267444134
0.0050312615931
0.010413181968
0.522808432579
0.0038109596353
0.00506707234308
0.0127715710551
-0.852267205715
-0.00503126997501
-0.0104131735861
-0.522808611393
-0.00381092866883
-0.00506706768647
-0.0177788510919
-0.0118994852528
0.838018536568
-0.0108884936199
-0.011424716562
0.544993519783
-0.0137699767947
0.00448569236323
0.409290879965
0.402330338955
-0.0044856867753
-0.00849429890513
-0.00448559736833
0.00448568724096
-0.00807370897382
0.0044856891036
0.00849429890513
-0.00448566954583
-0.409290909767
-0.00849429052323
-0.00849429145455
0.409290879965
0.00448568211868
-0.409290879965
0.00448568537831
-0.00448568351567
-0.409290879965
-0.00923706777394
-0.00125397823285
0.0112276030704
0.0109837455675
0.00125373830087
-0.44823628664
0.0012566098012
-0.00125397380907
-0.442234873772
-0.00125396891963
0.448236256838
0.00125436903909
-0.0112276123837
-0.448236316442
-0.448236167431
0.0112276067957
-0.00125397264492
-0.0112275937572
-0.00125397532247
0.00125397322699
-0.0112275974825
-0.00437132129446
0.000734398490749
-0.0117495739833
-0.0115092275664
-0.000734167173505
0.448237240314
-0.000737029884476
0.000734383007511
0.442160218954
0.00073438702384
-0.44823718071
-0.000734800880309
0.0117495758459
0.448237240314
0.448237210512
-0.0117495693266
0.000734380329959
0.0117495488375
0.000734384346288
-0.00073439523112
0.0117495451123
0.000761266855989
0.00328500545584
0.0122481891885
0.0120280645788
-0.00328522920609
-0.44823423028
-0.00328241521493
0.00328501593322
-0.441986471415
0.00328501383774
0.448234319687
-0.00328461732715
-0.0122481938452
-0.448234200478
-0.448234260082
0.0122481808066
0.00328501290642
-0.0122481780127
0.00328501267359
-0.00328501057811
-0.0122481770813
0.00943162944168
-0.333266317844
0.00128670991398
0.00127436069306
0.333266317844
0.00870752055198
0.333268433809
-0.333266347647
0.00932818371803
-0.333266347647
-0.00870752707124
0.333266824484
-0.00128670653794
0.00870752986521
0.00870752893388
0.00128670642152
-0.333266347647
-0.00128669920377
-0.33326625824
0.333266288042
-0.00128671294078
-0.0493590161204
-0.00563414907083
-0.409262150526
-0.402356117964
0.00563418399543
0.00839138496667
0.00563405500725
-0.00563415046781
0.00796952471137
-0.00563414860517
-0.00839138589799
0.00563415000215
0.409262239933
0.00839138124138
0.00839137472212
-0.409262448549
-0.00563415884972
0.409262448549
-0.00563414674252
0.00563414627686
0.409262478352
0.00892704352736
-0.00621012784541
-0.409241676331
-0.402368247509
0.00621017161757
0.008555021137
0.00621003098786
-0.00621012924239
0.0081346752122
-0.00621013203636
-0.00855502765626
0.00621012039483
0.409241676331
0.00855500809848
0.00855501368642
-0.409241676331
-0.0062101255171
0.409241646528
-0.00621012831107
0.00621013622731
0.409241676331
0.00891881249845
0.33320209384
0.00348358368501
0.00349868368357
-0.333201557398
-0.0118083264679
-0.333206385374
0.333202034235
-0.0123972874135
0.333202034235
0.0118083273992
-0.333202779293
-0.00348358904012
-0.0118083339185
-0.0118083273992
0.00348358834162
0.333202034235
-0.00348358461633
0.333202034235
-0.333202064037
-0.00348358601332
-0.0423560366035
0.333259999752
-0.000462485710159
-0.000448864273494
-0.33325996995
-0.00921399891376
-0.333262860775
0.333259999752
-0.00982950907201
0.333259999752
0.00921399984509
-0.333260595798
0.000462490599602
-0.0092140045017
-0.00921399705112
-0.000462477328256
0.333259999752
0.000462474301457
0.333259999752
-0.333259999752
0.00046248442959
0.0337762720883
0.00542641663924
0.0128040881827
0.012594926171
-0.00542664760724
-0.448196321726
-0.00542383408174
0.00542642967775
-0.441856354475
0.00542642222717
0.448196232319
-0.00542603060603
-0.0128040956333
-0.448196232319
-0.448196172714
0.0128040993586
0.00542643060908
-0.0128040844575
0.0054264315404
-0.00542642083019
-0.0128040844575
0.0140715027228
-8.4708815848e-05
-0.0116680581123
-0.011431642808
8.49300486152e-05
0.448245972395
8.20653658593e-05
-8.4708124632e-05
0.442142784595
-8.47004484967e-05
-0.448246002197
8.42888402985e-05
0.0116680599749
0.448246002197
0.448245972395
-0.0116680506617
-8.47076225909e-05
0.011668048799
-8.46959155751e-05
8.47055925988e-05
0.0116680497304
-0.00184345943853
0.000710433290806
-0.0121032260358
-0.011863806285
-0.00071020051837
0.448233664036
-0.000713049666956
0.000710433465429
0.442118048668
0.000710423511919
-0.448233634233
-0.000710824737325
0.0121032390743
0.448233753443
0.448233574629
-0.0121032306924
0.000710426771548
0.0121032204479
0.000710427993909
-0.000710424035788
0.0121032204479
-0.000605371431448
-0.000810851808637
-0.01162866503
-0.0113952113315
0.000811101170257
0.448251634836
0.000808243756182
-0.000810871424619
0.442119419575
-0.000810873054434
-0.448251605034
0.000810470897704
0.0116286724806
0.448251605034
0.448251634836
-0.0116286613047
-0.000810869561974
0.0116286464036
-0.000810861587524
0.000810871366411
0.0116286464036
-0.00384328747168
0.00527623994276
0.409265726805
0.402362406254
-0.00527626089752
-0.0085867298767
-0.00527615984902
0.00527623808011
-0.00816504098475
0.00527624646202
0.00858672615141
-0.00527623388916
-0.409265697002
-0.00858672522008
-0.0085867177695
0.409265697002
0.0052762539126
-0.409265756607
0.00527624972165
-0.0052762539126
-0.409265875816
-0.0070122233592
0.000466632511234
-0.0120042599738
-0.0117657110095
-0.000466402096208
0.448237001896
-0.000469259801321
0.000466628174763
0.442123860121
0.000466620607767
-0.448236882687
-0.000467031350126
0.0120042646304
0.448236942291
0.448236823082
-0.0120042581111
0.000466629426228
0.0120042534545
0.000466641678941
-0.000466639612569
0.0120042515919
-0.000703488185536
-0.00605801818892
-0.409247159958
-0.402382314205
0.00605803262442
0.00835076160729
0.00605790922418
-0.00605802051723
0.00792860984802
-0.00605802284554
-0.00835077092052
0.00605800608173
0.40924718976
0.00835077092052
0.00835077092052
-0.409247159958
-0.00605802237988
0.409247219563
-0.00605801353231
0.00605802144855
0.409247159958
0.00756124872714
0.333203732967
0.00331465131603
0.00333063444123
-0.333203345537
-0.011781765148
-0.333208143711
0.333203613758
-0.0123702371493
0.333203703165
0.0117817670107
-0.333204388618
-0.00331464991905
-0.0117817660794
-0.0117817670107
0.00331465783529
0.333203732967
-0.00331465597264
0.333203673363
-0.333203732967
-0.00331465154886
-0.0427764281631
-0.00570046622306
-0.409257441759
-0.402362555265
0.00570049742237
0.00848860666156
0.00570036005229
-0.00570046668872
0.00806747935712
-0.00570047739893
-0.00848861411214
0.00570045690984
0.409257441759
0.00848860759288
0.00848860200495
-0.409257501364
-0.00570046622306
0.409257501364
-0.00570046296343
0.00570046901703
0.409257471561
0.00937318149954
0.000784970761742
0.0121510140598
0.0119183445349
-0.000785214069765
-0.448242455721
-0.000782380870078
0.000784978328738
-0.44207328558
0.000784984615166
0.448242425919
-0.000784592761192
-0.0121510094032
-0.448242396116
-0.448242396116
0.0121509954333
0.000784977804869
-0.0121509926394
0.000784983916674
-0.000784982286859
-0.0121509889141
0.00312967807986
-0.00596578465775
-0.409251779318
-0.402370870113
0.00596580374986
0.00834904797375
0.00596567383036
-0.00596578745171
0.00792670063674
-0.00596578232944
-0.00834905635566
0.00596577115357
0.40925180912
0.00834905263036
0.00834904052317
-0.40925180912
-0.00596578698605
0.409251958132
-0.00596578698605
0.00596579024568
0.409251898527
0.00873494334519
-335.491790771
295.449859619
-300.990753174
292.68359375
439.895202637
340.986480713
341.376861572
-446.518585205
-442.758331299
283.71572876
-300.080841064
-300.402038574
-298.267974854
-338.42477417
-298.955993652
342.160827637
-442.635681152
340.798248291
291.436462402
340.574554443
-0.887082993984
333.460235596
283.688446045
-290.77532959
284.634857178
458.396972656
-331.578430176
-330.104614258
-458.793823242
-459.342010498
277.32144165
-290.092193604
-291.563293457
-287.394195557
332.539215088
-289.874084473
-327.338500977
-456.789611816
-331.624206543
282.538452148
-330.568908691
-1.15248572826
-337.137542725
289.102722168
-294.45098877
296.287078857
-438.852508545
339.534088135
337.741485596
435.860717773
437.567138672
293.1355896
-295.78012085
-293.802703857
-295.408874512
-337.873718262
-293.361175537
339.543914795
437.253631592
338.918579102
289.397521973
338.405548096
-1.30242908001
331.281768799
278.562438965
-286.8565979
290.382873535
-383.39654541
-332.671630859
-332.413604736
458.23727417
394.397460938
288.797912598
-287.972473145
-287.657287598
-287.882110596
333.196472168
-286.55657959
-330.171783447
458.907989502
-332.555511475
282.837860107
-332.806182861
-1.13388395309
-327.965270996
-282.675201416
281.632141113
-289.458892822
376.377380371
333.953521729
335.0184021
-457.103485107
-390.469696045
-294.422332764
281.446380615
281.694000244
284.767364502
-332.499725342
284.126861572
335.67401123
-454.148040771
334.276000977
-288.588684082
333.948913574
-0.125262856483
341.659606934
-295.740264893
292.73046875
-298.508575439
437.52822876
-340.933502197
-338.32208252
-443.305511475
-439.650604248
-301.749359131
292.287872314
291.44821167
295.311401367
341.154846191
294.279602051
-337.868041992
-440.093200684
-340.218200684
-298.207672119
-340.53692627
-0.353187829256
-330.560913086
-291.566986084
287.873077393
-286.07989502
-456.104187012
332.381011963
332.674255371
451.767852783
455.011047363
-287.474090576
285.100524902
287.636810303
286.707672119
-332.678009033
289.909942627
333.337554932
453.990264893
332.972076416
-292.476287842
331.267974854
-0.93532115221
340.723022461
-301.749511719
296.970977783
-292.657196045
-440.144348145
-343.394042969
-343.332305908
441.125061035
440.00100708
-290.798492432
294.846130371
295.703399658
296.452636719
342.218261719
298.088806152
-341.659973145
440.384613037
-343.418457031
-299.178283691
-344.052642822
-1.00997543335
0.0
1.0